ID	SPIKEIN_ID	subgroup	Mix_1	Mix_2	expected	log2(Mix_1/Mix_2)	T1	T2	T1/T2	log2(T1/Mix_2)	log2(T2/Mix_2)
1	SPIKEIN-00130	A	30000	7500	4	2	24375	13125	1.857142857	1.700439718	0.807354922
2	SPIKEIN-00004	A	7500	1875	4	2	6093.75	3281.25	1.857142857	1.700439718	0.807354922
3	SPIKEIN-00136	A	1875	468.75	4	2	1523.4375	820.3125	1.857142857	1.700439718	0.807354922
4	SPIKEIN-00108	A	937.5	234.375	4	2	761.71875	410.15625	1.857142857	1.700439718	0.807354922
5	SPIKEIN-00116	A	468.75	117.1875	4	2	380.859375	205.078125	1.857142857	1.700439718	0.807354922
6	SPIKEIN-00092	A	234.375	58.59375	4	2	190.4296875	102.5390625	1.857142857	1.700439718	0.807354922
7	SPIKEIN-00095	A	117.1875	29.296875	4	2	95.21484375	51.26953125	1.857142857	1.700439718	0.807354922
8	SPIKEIN-00131	A	117.1875	29.296875	4	2	95.21484375	51.26953125	1.857142857	1.700439718	0.807354922
9	SPIKEIN-00062	A	58.59375	14.6484375	4	2	47.60742188	25.63476563	1.857142857	1.700439718	0.807354922
10	SPIKEIN-00019	A	29.296875	7.32421875	4	2	23.80371094	12.81738281	1.857142857	1.700439718	0.807354922
11	SPIKEIN-00144	A	29.296875	7.32421875	4	2	23.80371094	12.81738281	1.857142857	1.700439718	0.807354922
12	SPIKEIN-00170	A	14.6484375	3.66210938	4	2	11.90185547	6.40869141	1.857142856	1.700439716	0.807354921
13	SPIKEIN-00154	A	7.32421875	1.83105469	4	2	5.950927735	3.204345705	1.857142856	1.700439716	0.807354921
14	SPIKEIN-00085	A	7.32421875	1.83105469	4	2	5.950927735	3.204345705	1.857142856	1.700439716	0.807354921
15	SPIKEIN-00028	A	3.66210938	0.91552734	4	2	2.97546387	1.60217285	1.857142861	1.700439725	0.807354927
16	SPIKEIN-00033	A	1.83105469	0.45776367	4	2	1.487731935	0.801086425	1.857142861	1.700439725	0.807354927
17	SPIKEIN-00134	A	1.83105469	0.45776367	4	2	1.487731935	0.801086425	1.857142861	1.700439725	0.807354927
18	SPIKEIN-00147	A	0.91552734	0.22888184	4	2	0.743865965	0.400543215	1.857142843	1.700439689	0.807354904
19	SPIKEIN-00097	A	0.45776367	0.11444092	4	2	0.371932983	0.200271608	1.857142843	1.700439689	0.807354904
20	SPIKEIN-00156	A	0.45776367	0.11444092	4	2	0.371932983	0.200271608	1.857142843	1.700439689	0.807354904
21	SPIKEIN-00123	A	0.22888184	0.05722046	4	2	0.185966495	0.100135805	1.857142857	1.700439718	0.807354922
22	SPIKEIN-00017	A	0.11444092	0.02861023	4	2	0.092983248	0.050067903	1.857142857	1.700439718	0.807354922
23	SPIKEIN-00083	A	0.02861023	0.00715256	4	2	0.023245813	0.012516978	1.857142629	1.700439253	0.807354634
24	SPIKEIN-00096	B	15000	15000	1	0	15000	15000	1	0	0
25	SPIKEIN-00171	B	3750	3750	1	0	3750	3750	1	0	0
26	SPIKEIN-00009	B	937.5	937.5	1	0	937.5	937.5	1	0	0
27	SPIKEIN-00042	B	468.75	468.75	1	0	468.75	468.75	1	0	0
28	SPIKEIN-00060	B	234.375	234.375	1	0	234.375	234.375	1	0	0
29	SPIKEIN-00035	B	117.1875	117.1875	1	0	117.1875	117.1875	1	0	0
30	SPIKEIN-00025	B	58.59375	58.59375	1	0	58.59375	58.59375	1	0	0
31	SPIKEIN-00051	B	58.59375	58.59375	1	0	58.59375	58.59375	1	0	0
32	SPIKEIN-00053	B	29.296875	29.296875	1	0	29.296875	29.296875	1	0	0
33	SPIKEIN-00148	B	14.6484375	14.6484375	1	0	14.6484375	14.6484375	1	0	0
34	SPIKEIN-00126	B	14.6484375	14.6484375	1	0	14.6484375	14.6484375	1	0	0
35	SPIKEIN-00034	B	7.32421875	7.32421875	1	0	7.32421875	7.32421875	1	0	0
36	SPIKEIN-00150	B	3.66210938	3.66210938	1	0	3.66210938	3.66210938	1	0	0
37	SPIKEIN-00067	B	3.66210938	3.66210938	1	0	3.66210938	3.66210938	1	0	0
38	SPIKEIN-00031	B	1.83105469	1.83105469	1	0	1.83105469	1.83105469	1	0	0
39	SPIKEIN-00109	B	0.91552734	0.91552734	1	0	0.91552734	0.91552734	1	0	0
40	SPIKEIN-00073	B	0.91552734	0.91552734	1	0	0.91552734	0.91552734	1	0	0
41	SPIKEIN-00158	B	0.45776367	0.45776367	1	0	0.45776367	0.45776367	1	0	0
42	SPIKEIN-00104	B	0.22888184	0.22888184	1	0	0.22888184	0.22888184	1	0	0
43	SPIKEIN-00142	B	0.22888184	0.22888184	1	0	0.22888184	0.22888184	1	0	0
44	SPIKEIN-00138	B	0.11444092	0.11444092	1	0	0.11444092	0.11444092	1	0	0
45	SPIKEIN-00117	B	0.05722046	0.05722046	1	0	0.05722046	0.05722046	1	0	0
46	SPIKEIN-00075	B	0.01430512	0.01430512	1	0	0.01430512	0.01430512	1	0	0
47	SPIKEIN-00074	C	15000	22500	0.67	-0.58	16875	20625	0.818181818	-0.415037499	-0.125530882
48	SPIKEIN-00113	C	3750	5625	0.67	-0.58	4218.75	5156.25	0.818181818	-0.415037499	-0.125530882
49	SPIKEIN-00145	C	937.5	1406.25	0.67	-0.58	1054.6875	1289.0625	0.818181818	-0.415037499	-0.125530882
50	SPIKEIN-00111	C	468.75	703.125	0.67	-0.58	527.34375	644.53125	0.818181818	-0.415037499	-0.125530882
51	SPIKEIN-00076	C	234.375	351.5625	0.67	-0.58	263.671875	322.265625	0.818181818	-0.415037499	-0.125530882
52	SPIKEIN-00044	C	117.1875	175.78125	0.67	-0.58	131.8359375	161.1328125	0.818181818	-0.415037499	-0.125530882
53	SPIKEIN-00162	C	58.59375	87.890625	0.67	-0.58	65.91796875	80.56640625	0.818181818	-0.415037499	-0.125530882
54	SPIKEIN-00071	C	58.59375	87.890625	0.67	-0.58	65.91796875	80.56640625	0.818181818	-0.415037499	-0.125530882
55	SPIKEIN-00084	C	29.296875	43.9453125	0.67	-0.58	32.95898438	40.28320313	0.818181818	-0.415037499	-0.125530882
56	SPIKEIN-00099	C	14.6484375	21.9726563	0.67	-0.58	16.4794922	20.1416016	0.818181817	-0.415037501	-0.125530883
57	SPIKEIN-00054	C	14.6484375	21.9726563	0.67	-0.58	16.4794922	20.1416016	0.818181817	-0.415037501	-0.125530883
58	SPIKEIN-00157	C	7.32421875	10.9863281	0.67	-0.58	8.239746088	10.07080076	0.818181819	-0.415037497	-0.125530881
59	SPIKEIN-00143	C	3.66210938	5.49316406	0.67	-0.58	4.11987305	5.03540039	0.818181819	-0.415037498	-0.125530882
60	SPIKEIN-00039	C	3.66210938	5.49316406	0.67	-0.58	4.11987305	5.03540039	0.818181819	-0.415037498	-0.125530882
61	SPIKEIN-00058	C	1.83105469	2.74658203	0.67	-0.58	2.059936525	2.517700195	0.818181819	-0.415037498	-0.125530882
62	SPIKEIN-00120	C	0.91552734	1.37329102	0.67	-0.58	1.02996826	1.2588501	0.818181815	-0.415037506	-0.125530884
63	SPIKEIN-00040	C	0.91552734	1.37329102	0.67	-0.58	1.02996826	1.2588501	0.818181815	-0.415037506	-0.125530884
64	SPIKEIN-00164	C	0.45776367	0.68664551	0.67	-0.58	0.51498413	0.62942505	0.818181815	-0.415037506	-0.125530884
65	SPIKEIN-00024	C	0.22888184	0.34332275	0.67	-0.58	0.257492068	0.314712523	0.81818183	-0.415037471	-0.125530874
66	SPIKEIN-00016	C	0.22888184	0.34332275	0.67	-0.58	0.257492068	0.314712523	0.81818183	-0.415037471	-0.125530874
67	SPIKEIN-00012	C	0.11444092	0.17166138	0.67	-0.58	0.128746035	0.157356265	0.818181818	-0.415037499	-0.125530882
68	SPIKEIN-00098	C	0.05722046	0.08583069	0.67	-0.58	0.064373018	0.078678133	0.818181818	-0.415037499	-0.125530882
69	SPIKEIN-00057	C	0.01430512	0.02145767	0.67	-0.58	0.016093258	0.019669533	0.818182003	-0.415037051	-0.12553076
70	SPIKEIN-00002	D	15000	30000	0.5	-1	18750	26250	0.714285714	-0.678071905	-0.192645078
71	SPIKEIN-00046	D	3750	7500	0.5	-1	4687.5	6562.5	0.714285714	-0.678071905	-0.192645078
72	SPIKEIN-00003	D	937.5	1875	0.5	-1	1171.875	1640.625	0.714285714	-0.678071905	-0.192645078
73	SPIKEIN-00043	D	468.75	937.5	0.5	-1	585.9375	820.3125	0.714285714	-0.678071905	-0.192645078
74	SPIKEIN-00022	D	234.375	468.75	0.5	-1	292.96875	410.15625	0.714285714	-0.678071905	-0.192645078
75	SPIKEIN-00112	D	117.1875	234.375	0.5	-1	146.484375	205.078125	0.714285714	-0.678071905	-0.192645078
76	SPIKEIN-00165	D	58.59375	117.1875	0.5	-1	73.2421875	102.5390625	0.714285714	-0.678071905	-0.192645078
77	SPIKEIN-00079	D	58.59375	117.1875	0.5	-1	73.2421875	102.5390625	0.714285714	-0.678071905	-0.192645078
78	SPIKEIN-00078	D	29.296875	58.59375	0.5	-1	36.62109375	51.26953125	0.714285714	-0.678071905	-0.192645078
79	SPIKEIN-00163	D	14.6484375	29.296875	0.5	-1	18.31054688	25.63476563	0.714285714	-0.678071905	-0.192645078
80	SPIKEIN-00059	D	14.6484375	29.296875	0.5	-1	18.31054688	25.63476563	0.714285714	-0.678071905	-0.192645078
81	SPIKEIN-00160	D	7.32421875	14.6484375	0.5	-1	9.155273438	12.81738281	0.714285714	-0.678071905	-0.192645078
82	SPIKEIN-00014	D	3.66210938	7.32421875	0.5	-1	4.577636723	6.408691408	0.714285715	-0.678071904	-0.192645078
83	SPIKEIN-00077	D	3.66210938	7.32421875	0.5	-1	4.577636723	6.408691408	0.714285715	-0.678071904	-0.192645078
84	SPIKEIN-00069	D	1.83105469	3.66210938	0.5	-1	2.288818363	3.204345708	0.714285714	-0.678071905	-0.192645078
85	SPIKEIN-00137	D	0.91552734	1.83105469	0.5	-1	1.144409178	1.602172853	0.714285713	-0.67807191	-0.192645079
86	SPIKEIN-00013	D	0.91552734	1.83105469	0.5	-1	1.144409178	1.602172853	0.714285713	-0.67807191	-0.192645079
87	SPIKEIN-00168	D	0.45776367	0.91552734	0.5	-1	0.572204588	0.801086423	0.714285714	-0.678071905	-0.192645078
88	SPIKEIN-00041	D	0.22888184	0.45776367	0.5	-1	0.286102298	0.400543213	0.714285721	-0.678071886	-0.192645073
89	SPIKEIN-00081	D	0.22888184	0.45776367	0.5	-1	0.286102298	0.400543213	0.714285721	-0.678071886	-0.192645073
90	SPIKEIN-00086	D	0.11444092	0.22888184	0.5	-1	0.14305115	0.20027161	0.714285714	-0.678071905	-0.192645078
91	SPIKEIN-00061	D	0.05722046	0.11444092	0.5	-1	0.071525575	0.100135805	0.714285714	-0.678071905	-0.192645078
92	SPIKEIN-00048	D	0.01430512	0.02861023	0.5	-1	0.017881398	0.025033953	0.714285828	-0.678071603	-0.192645006
